nan
3.960306118295019360e+02
3.925026795977011034e+02
3.945790756704981277e+02
3.920886027298850536e+02
3.902980156449553419e+02
3.987819552203065996e+02
3.891173664030673081e+02
3.806526724137930842e+02
3.793939004712836436e+02
3.824014750957854289e+02
3.739613207923955542e+02
3.729825497244189023e+02
3.717320768431983424e+02
3.674007714274302998e+02
3.554191490933780528e+02
3.499254145698538423e+02
3.529587013739116514e+02
3.496229876587586887e+02
3.433630841121495223e+02
3.430000000000000000e+02
3.432574071411454497e+02
3.459155164150491260e+02
3.469642962696701147e+02
3.555631780810983287e+02
3.519100862401178347e+02
3.380480346199540236e+02
3.349016088073190645e+02
3.323215654336282228e+02
3.408174792729643059e+02
3.385526139047025254e+02
3.408825963509271446e+02
3.424689729227641806e+02
3.481448865265561494e+02
3.374080411356879381e+02
3.437570227415780550e+02
3.403935626044739138e+02
3.441217986115809140e+02
3.393165503003438630e+02
3.366734098595152886e+02
3.283353090740255880e+02
3.312318254411979979e+02
3.434296696595488356e+02
3.328626907041141862e+02
3.311759661069058893e+02
3.328163747912691974e+02
3.329170020538819585e+02
3.276578479405429789e+02
3.277485777743881386e+02
3.237822258085234921e+02
3.180065237679488064e+02
3.220286161680778036e+02
3.267608199080628424e+02
3.212473678677224598e+02
3.224214114344788413e+02
3.270015953630514787e+02
3.204603966919700611e+02
3.211849194172756370e+02
3.239777256861891033e+02
3.256341099061979207e+02
3.240005555555555929e+02
3.215970489467325706e+02
3.136571653854235251e+02
3.021891737372740181e+02
2.994725566089413746e+02
3.009232943151690733e+02
3.006028225429365079e+02
2.957720307231277275e+02
2.882095069287794331e+02
2.852820146620708215e+02
2.848737036480878260e+02
2.806166058215479211e+02
2.822528081290759019e+02
2.877024065288453016e+02
2.882869934872286990e+02
2.819276363621813175e+02
2.728366308681260080e+02
2.710462740364515639e+02
2.710000000000000568e+02
2.712397786226005110e+02
2.739991666666666106e+02
2.768125455127168379e+02
2.779327422880123208e+02
2.771684069830116073e+02
2.778654561435886876e+02
2.772085649732553065e+02
2.799090480294922827e+02
2.819227459834863794e+02
2.808196670259352459e+02
2.780008333333332757e+02
2.752036583841494348e+02
2.753329929160641996e+02
2.788432656706054331e+02
2.780929972619047703e+02
2.782702219760934099e+02
2.846020680444237883e+02
2.867808368962673740e+02
2.859573525015605924e+02
2.837271967508185071e+02
2.790983323665548710e+02
2.767391743540719631e+02
2.725826781123102478e+02
2.768163912067652745e+02
2.785740024834396991e+02
2.760634384376500634e+02
2.748184673907937281e+02
2.722742365778810836e+02
2.747025825927737515e+02
2.739250306984532131e+02
2.722336730803695559e+02
2.758174812708728609e+02
2.778222739584012402e+02
2.750842787751662968e+02
2.740654297567112962e+02
2.870346619196180882e+02
2.850008333333333326e+02
2.821733161801401479e+02
2.838217442066976446e+02
2.841002717329234883e+02
2.856589164317351788e+02
2.830008333333333326e+02
2.801145751437592821e+02
2.800901751863419804e+02
2.809997222222222604e+02
2.817624571838570660e+02
2.802012570051821854e+02
2.811842570500431293e+02
2.861727634063268511e+02
2.926257348539758141e+02
2.903442142874378078e+02
2.908333959785226739e+02
2.888763166523763743e+02
2.862013318799884587e+02
2.952975140528731117e+02
2.897984211063788962e+02
2.904584502360262945e+02
2.820439225470059910e+02
2.852782058958140396e+02
2.925844007359623902e+02
2.921747126787482216e+02
2.929997222222222604e+02
2.941649108115191211e+02
2.969991666666667243e+02
2.999439532077615809e+02
3.018351852932295856e+02
3.020815617781441915e+02
3.034790948056299840e+02
3.002536752237455175e+02
3.007921934053994732e+02
2.992904640598043216e+02
3.007800165313206548e+02
2.978281085773234054e+02
2.931344804334498235e+02
2.910005555555555929e+02
2.890630726843617708e+02
2.881607885328964471e+02
2.895082916545702005e+02
2.861304884928775891e+02
2.849161816503278146e+02
2.831061137611285403e+02
2.829361402819819205e+02
2.820742185892523821e+02
2.820000000000000000e+02
2.818293272265960923e+02
2.800486236758765699e+02
2.789255164458500076e+02
2.767421030791393832e+02
2.715658867973123733e+02
2.756682334706045481e+02
2.766802555544109055e+02
2.724681005456552612e+02
2.815760296179956867e+02
2.713947833854490455e+02
2.793204450929547420e+02
2.809535851893884342e+02
2.811672408956443974e+02
2.831505921244494743e+02
2.879279962067885776e+02
2.919321050852745429e+02
2.948946345247915133e+02
2.955113371269885647e+02
2.910970994001799568e+02
2.884713411833358236e+02
2.903039450228682199e+02
2.825355130350868080e+02
2.828301089660062644e+02
2.923103994890984154e+02
2.898369863090018725e+02
2.855849690366401887e+02
2.907976504669617270e+02
2.939991666666666674e+02
2.966363024780186493e+02
2.939758018146275163e+02
3.008481630143174925e+02
3.059986111111110745e+02
3.105139786216868742e+02
3.078253104017575765e+02
3.023044223772395185e+02
2.998041040237757215e+02
2.946411562536811743e+02
2.955109567141230400e+02
2.895987545374146066e+02
2.915481979664662049e+02
2.998740412932007189e+02
2.906400796755977467e+02
2.866421754767150674e+02
2.771487571120708822e+02
2.692443420661721234e+02
2.652361496538158576e+02
2.647742478570269782e+02
2.623096659434357321e+02
2.653912880346783254e+02
2.729977777777777987e+02
2.802181211078025740e+02
2.793303915907038117e+02
3.045436862922377372e+02
2.921946010596759606e+02
2.903134841886414961e+02
2.952888838846434965e+02
3.030677964279370258e+02
2.981191881514778856e+02
2.943015574025993715e+02
2.940000000000000568e+02
2.941545590137039312e+02
2.955535635447428717e+02
2.900673817646248267e+02
2.856893703369374293e+02
2.897267057705950606e+02
2.896866434425099897e+02
2.861581568874559593e+02
2.851443320234069461e+02
2.856946140827707836e+02
2.824733456476887454e+02
2.859240196756576893e+02
2.888430736687637364e+02
2.900875368001539414e+02
3.020440089205952745e+02
3.003905129651812445e+02
3.040951543439667830e+02
3.202378144780795424e+02
3.097494519245618108e+02
3.155810064251843414e+02
3.168718401211682476e+02
3.270059508972050821e+02
3.231825238969426550e+02
3.077475397014910072e+02
3.109484767486961232e+02
3.139854014923203067e+02
3.069414161214697288e+02
3.140632043469091741e+02
3.218170135564027419e+02
3.155348436832280754e+02
3.168391894834829259e+02
3.171023438519023330e+02
3.196493240640905924e+02
3.296304511107290409e+02
3.345944870888380933e+02
3.332337257427024610e+02
3.336986548361634846e+02
3.291591548663031972e+02
3.263871229874760616e+02
3.292322584971578294e+02
3.223555366579262227e+02
3.191025019161465934e+02
3.164420976568900983e+02
2.994112950548974936e+02
3.052734363649910847e+02
3.039376641900114464e+02
3.010008333333333326e+02
2.980810143647959194e+02
2.961893781443550893e+02
2.975252151465300017e+02
2.948752374487290240e+02
3.048553355315676185e+02
2.995569386608718787e+02
2.885507415321868052e+02
2.871661442545014324e+02
2.881957149390098039e+02
2.917886578756681502e+02
2.817676119381406465e+02
2.810000000000000000e+02
2.808349271975245074e+02
2.795135566309454020e+02
2.876796556246838463e+02
2.923870010040469651e+02
2.873652239370002803e+02
2.869222563514354647e+02
2.860464490889600029e+02
2.860000000000000568e+02
2.862898435236045884e+02
2.919983333333333348e+02
2.977243751195364325e+02
3.000504946816473648e+02
3.026596642171683698e+02
3.019139332052371287e+02
2.993156972218945384e+02
3.002273809110771481e+02
3.042915537682834497e+02
2.981642715302671718e+02
2.927792933592273812e+02
2.836807737000177667e+02
2.812409283937066675e+02
2.839991666666667243e+02
2.869258558362125768e+02
2.890953707244506745e+02
2.928254233259138459e+02
2.945700172756666575e+02
2.870022222222222581e+02
2.797965849877201663e+02
2.839986111111111313e+02
2.889141177222402348e+02
2.929588110936411454e+02
2.956568921976765978e+02
2.950496753190572576e+02
2.949342713748685014e+02
2.941559875546797116e+02
2.950874602185075446e+02
2.976460364202580990e+02
2.971607033675021512e+02
2.996951172529867335e+02
2.992019222319122491e+02
3.009476894979570147e+02
3.013896759739238860e+02
2.962714128591256895e+02
2.968307588693704702e+02
2.961577908131282584e+02
2.979378657607219338e+02
2.989997222222222604e+02
2.998796863958186805e+02
2.982678095749150202e+02
2.988735302081445866e+02
2.967784722567050721e+02
2.922196475813281609e+02
2.896343519436608176e+02
2.812580680604114605e+02
2.839988888888889278e+02
2.880830377282631503e+02
2.920502768455281739e+02
2.823513607269065915e+02
2.777736750624574711e+02
2.811757741322733750e+02
2.890132643933046666e+02
2.883381431730473992e+02
2.934357010998951409e+02
2.919225161381933731e+02
2.893800188018640824e+02
2.948161301117731341e+02
2.988591994553452764e+02
2.985926964732458373e+02
2.942666674862468881e+02
2.932612779416838862e+02
2.981543128281192025e+02
3.133599453633913754e+02
3.111785849335779517e+02
3.100507021786949622e+02
3.096660342635783536e+02
3.052492328762662623e+02
3.031735317060737884e+02
3.055369787260768248e+02
3.041672484141125778e+02
3.058825551888913878e+02
2.965811263555980304e+02
2.936618806189126758e+02
3.023490254574172127e+02
2.971977786023894055e+02
2.977907900038595130e+02
3.057061635670963824e+02
3.103664968680675997e+02
3.203442678579678500e+02
3.338407169985720202e+02
3.429975000000000591e+02
3.524010378183963894e+02
3.713708251348868430e+02
3.960091137019108487e+02
4.324262509468034636e+02
4.781229425281838417e+02
5.063324515337199614e+02
4.787765418092366190e+02
4.848193518960893016e+02
4.778792780085125287e+02
4.530882352682072565e+02
4.377282599687675315e+02
4.547339386333279663e+02
4.778361515883510151e+02
4.799997222222222035e+02
4.808339717989848054e+02
4.802683683334778380e+02
4.862421738668770672e+02
4.860571151098907876e+02
4.851736876819321651e+02
4.681703024288153188e+02
4.747550221451246557e+02
4.780706139757696747e+02
4.730892164843215255e+02
4.712721687889534223e+02
4.719422100556118949e+02
4.716077002839246006e+02
4.658268787832304270e+02
4.580761744655612233e+02
4.533792832586262875e+02
4.518840475133613950e+02
4.468964046243967800e+02
4.310184531149312761e+02
4.255872006371757266e+02
4.330512329410599364e+02
4.328477586094047069e+02
4.229821248235101052e+02
4.218081067168508866e+02
4.199745741920041269e+02
4.309078513824835568e+02
4.330183642876735917e+02
4.350936968509243457e+02
4.375232406741232580e+02
4.314491608168296466e+02
4.304166296081336895e+02
4.339039943484368678e+02
4.363400665772401794e+02
4.499128811065157265e+02
4.611458119640623750e+02
4.628441422405923618e+02
4.502096024074370462e+02
4.408460685143846831e+02
4.391458333979070403e+02
4.551339127824131765e+02
4.964808273707436115e+02
5.015219745897018697e+02
4.984395333689619747e+02
4.988558866864274250e+02
4.940013888888889255e+02
4.890013888888888687e+02
4.850681520778857703e+02
4.916901204061427393e+02
4.961366890326703469e+02
5.026162487019730065e+02
5.059991666666666674e+02
5.085464138509465783e+02
5.075782352823707697e+02
5.131912019730010570e+02
5.062648793833373588e+02
4.832068845355060489e+02
4.778112902388369889e+02
4.713415656928480075e+02
4.716759453630482426e+02
4.781428128991059907e+02
4.676983051761322372e+02
4.754183572796934527e+02
4.787909518678161476e+02
4.744048734833971821e+02
4.648918486590038128e+02
4.649494592113665590e+02
4.652844612068964807e+02
4.678697010543974102e+02
4.554760153256705166e+02
4.554544246744947031e+02
4.491332016283525377e+02
4.439114727614026492e+02
