nan
4.684393824100318398e+02
4.666278844314688854e+02
4.649257157668638456e+02
4.632969471863494277e+02
4.617083890083954998e+02
4.601276368169786224e+02
4.585290936762698379e+02
4.568922369225917350e+02
4.552100736356121615e+02
4.534853050585014103e+02
4.517351198207839502e+02
4.499926913989781951e+02
4.483141357585467404e+02
4.467766487416822088e+02
4.454983800648276997e+02
4.446535205346846169e+02
4.444573153721264021e+02
4.452930358562485935e+02
4.475201243191330605e+02
4.516727204723902673e+02
4.581400276631285919e+02
4.669927784968951983e+02
4.778168933207007854e+02
4.893958125677739872e+02
5.012287373701881847e+02
5.107464273878657650e+02
5.173589555154489972e+02
5.211671076830884886e+02
5.227723499594732175e+02
5.226729354877513742e+02
5.214560166653708393e+02
5.194740051605198232e+02
5.170112475853733258e+02
5.142647098310636693e+02
5.113617051751731424e+02
5.084045626199884964e+02
5.054609162336465147e+02
5.025833837210423667e+02
4.998093706224099151e+02
4.971723892506563516e+02
4.946851500061620186e+02
4.923675291157227321e+02
4.902138486973435079e+02
4.882194233648966133e+02
4.863673873271899311e+02
4.846267281913989109e+02
4.829674523610914889e+02
4.813441356295757032e+02
4.800163528673350015e+02
4.785559349254401695e+02
4.769393799440803718e+02
4.751437087396550965e+02
4.731642591726864566e+02
4.709928921632680385e+02
4.686388238108619362e+02
4.661128477464137063e+02
4.634283183995487434e+02
4.606089793162465753e+02
4.576701982159004842e+02
4.546373157196698003e+02
4.515295386294257582e+02
4.483661406885659630e+02
4.451671413639392085e+02
4.419472948986172014e+02
4.387234503482842456e+02
4.355087940725115345e+02
4.323153722132115035e+02
4.291536774281186126e+02
4.260340009762356885e+02
4.229627322830815501e+02
4.199494879794761459e+02
4.169978797054544088e+02
4.140662842897856990e+02
4.112138423202546278e+02
4.084424452780871206e+02
4.057590166095678796e+02
4.031629692209697851e+02
4.006610091374336662e+02
3.982551414099480098e+02
3.959497270735350867e+02
3.937524558874805507e+02
3.916657168735646906e+02
3.897008476781150534e+02
3.878608974922786956e+02
3.861554738311452866e+02
3.845886731600615462e+02
3.831608308647851686e+02
3.818729028958092044e+02
3.807122693446017365e+02
3.796684571428592108e+02
3.787198194464031644e+02
3.778426541514156725e+02
3.770130618379872658e+02
3.762043993250269978e+02
3.753924644633587491e+02
3.745585556217600924e+02
3.739306368352046093e+02
3.732274628121804199e+02
3.724401784922816887e+02
3.715631296830035808e+02
3.705993645620548023e+02
3.695478485053532722e+02
3.684157653202657912e+02
3.672077342473152726e+02
3.659291589024144287e+02
3.645879024971019930e+02
3.631878564428848790e+02
3.617362202769426744e+02
3.602375758321738886e+02
3.586962351731160084e+02
3.571174154704842749e+02
3.555042501047417431e+02
3.538612617854047357e+02
3.521923001484844917e+02
3.505005169394839299e+02
3.487902386849522713e+02
3.470647783000505342e+02
3.453277398668670912e+02
3.435832811083964771e+02
3.418342441271346388e+02
3.403780023013753748e+02
3.388999779574117497e+02
3.374051012468784165e+02
3.358989512597992757e+02
3.343855118198636660e+02
3.328698671640032671e+02
3.313564327221762369e+02
3.298490206738398456e+02
3.283531031579264550e+02
3.268718599017905717e+02
3.254110047324567745e+02
3.239753512859718398e+02
3.225702858884701527e+02
3.212044153506221278e+02
3.198842092336591350e+02
3.186236019432284365e+02
3.174349242465391399e+02
3.163379550598931473e+02
3.153594811128288598e+02
3.145272922647533278e+02
3.138899851285091245e+02
3.134878769163055381e+02
3.133825984304970689e+02
3.136290631892337046e+02
3.143012600294596837e+02
3.154064407396173806e+02
3.169288001052512413e+02
3.188479844863716721e+02
3.211111946289695425e+02
3.236413282862723690e+02
3.263789426125093769e+02
3.292276443088035194e+02
3.320822371514638007e+02
3.348319426793493108e+02
3.373449555936500133e+02
3.395023196230262670e+02
3.412315571161433354e+02
3.424760256402971095e+02
3.432518311267194804e+02
3.435967316830507912e+02
3.435609172027720888e+02
3.432261430462925773e+02
3.426451913140070928e+02
3.418857060886236354e+02
3.409928184927126722e+02
3.400035889741918709e+02
3.389502963008297911e+02
3.378506336752997754e+02
3.366342373244542614e+02
3.354055603597072377e+02
3.341734355566126169e+02
3.329431187771402847e+02
3.317186750918426128e+02
3.305026579326874412e+02
3.292967940650404444e+02
3.281026949062872404e+02
3.269202605417748941e+02
3.257516775602957750e+02
3.245963718587890412e+02
3.234563300459469133e+02
3.223317359588353384e+02
3.212236207150905898e+02
3.201336567077586892e+02
3.190617529310289342e+02
3.180106269319655325e+02
3.169801733870335170e+02
3.159725183507260340e+02
3.149884631002670972e+02
3.140289242761926971e+02
3.130958989762705755e+02
3.121894281285463535e+02
3.113116602968047459e+02
3.104240316519926068e+02
3.095715916184707908e+02
3.087551944942550790e+02
3.079753020235287977e+02
3.072335675780319093e+02
3.065299228912621743e+02
3.058662430276893360e+02
3.052428109423653382e+02
3.046610527584291503e+02
3.041222271324509734e+02
3.036271491174354651e+02
3.031780544797559855e+02
3.027758387079306885e+02
3.024235654410865664e+02
3.021231624411437906e+02
3.018784263808478272e+02
3.016938111924333725e+02
3.015743765290318379e+02
3.015294939664544245e+02
3.015669005035336454e+02
3.017029637600926435e+02
3.019527836523203632e+02
3.023394103232591306e+02
3.028925073309899858e+02
3.037455637232309869e+02
3.048242454145329816e+02
3.061515862875353378e+02
3.077634893167260088e+02
3.096664109916276288e+02
3.118462143880992130e+02
3.142661452555192909e+02
3.168467985398958717e+02
3.195002332249378014e+02
3.221274855720960204e+02
3.246450794724376010e+02
3.269920753447833022e+02
3.291496379546736648e+02
3.311058301749412749e+02
3.328983997410753659e+02
3.345499627137961625e+02
3.361089252687562521e+02
3.376061736977168835e+02
3.390623198663121798e+02
3.404904224823467302e+02
3.418713957429415018e+02
3.431807842807673978e+02
3.443767983586463970e+02
3.453732383120803888e+02
3.461660692864408020e+02
3.467479981555057975e+02
3.471105303483755051e+02
3.472661027491928394e+02
3.472221865558868785e+02
3.470046800798869526e+02
3.466307296335298247e+02
3.461214286087563323e+02
3.454955365401251015e+02
3.447676042616777181e+02
3.439532111270079326e+02
3.430640484327949480e+02
3.421113283587910701e+02
3.411046201333744534e+02
3.400531064180133853e+02
3.389645338153860052e+02
3.378480105792527866e+02
3.367102407420433678e+02
3.355596363732703935e+02
3.344032091247524932e+02
3.332480025955592282e+02
3.321022832845049493e+02
3.309719696071036878e+02
3.298429512435288302e+02
3.287412433822623825e+02
3.276817122202396604e+02
3.266719622119728683e+02
3.257177711161136244e+02
3.248291991873743996e+02
3.240114112547274772e+02
3.232747430951257570e+02
3.226248740294797699e+02
3.220680708990194034e+02
3.216099819277296774e+02
3.212490958231799141e+02
3.209869536496500473e+02
3.208137550593822880e+02
3.207217586901451227e+02
3.206966587465511793e+02
3.207240193460946216e+02
3.207884147552655350e+02
3.208759098051263550e+02
3.209760349131967700e+02
3.210786117593930840e+02
3.211797538337879701e+02
3.212728368921090691e+02
3.213570854111217727e+02
3.214719366937034124e+02
3.215877282157146055e+02
3.216903156964608002e+02
3.217775687111814023e+02
3.218504604757401353e+02
3.219072054727765817e+02
3.219492805336648189e+02
3.219770160918637885e+02
3.219915497488352116e+02
3.219952243475737532e+02
3.219898417621716931e+02
3.219799634545530580e+02
3.219700276229103224e+02
3.219678986198304642e+02
3.219855589763309354e+02
3.220393379992400469e+02
3.221594061740348707e+02
3.223877044033736752e+02
3.227921454176845941e+02
3.234815456149971169e+02
3.245794226320136318e+02
3.262776028867872355e+02
3.286701111673681339e+02
3.317557377231349278e+02
3.354102508041203237e+02
3.391275101333123416e+02
3.424015659570740695e+02
3.450293714730336205e+02
3.469791759772829778e+02
3.483881941195015770e+02
3.493960623759071495e+02
3.500995771261435152e+02
3.505731018906957956e+02
3.508381887751950217e+02
3.509128296078044400e+02
3.508072911595438086e+02
3.505254263877216090e+02
3.500915928438855644e+02
3.495187841530362789e+02
3.488346416997846973e+02
3.480617026223662833e+02
3.472220694283723219e+02
3.463392655450335269e+02
3.454298965490364708e+02
3.445117888493701912e+02
3.435968354345204148e+02
3.426960781863610919e+02
3.418157167312342608e+02
3.408613583896946579e+02
3.399026055248684202e+02
3.389730972114508631e+02
3.380718296087430872e+02
3.371967540857047538e+02
3.363470531589894676e+02
3.355185415244110914e+02
3.347110833743590774e+02
3.339205361512460968e+02
3.331461221311364511e+02
3.323855480383894587e+02
3.316367995746447832e+02
3.308993355442148641e+02
3.301706108625526213e+02
3.294508515406059814e+02
3.287389522359694638e+02
3.280362655482711034e+02
3.273455518249905367e+02
3.266714861053445134e+02
3.260253812192351006e+02
3.254227400760842670e+02
3.248918692156693169e+02
3.244805051636979556e+02
3.242539690433303576e+02
3.242449109052499807e+02
3.246623519590106071e+02
3.257626093591781000e+02
3.277978890789110551e+02
3.309723629629940547e+02
3.354237935607321788e+02
3.409382892263097347e+02
3.471059318263295381e+02
3.533856116830810947e+02
3.593289630013604210e+02
3.646952314308638847e+02
3.693950657346682647e+02
3.733265334699921709e+02
3.764822622706179231e+02
3.788668085471605878e+02
3.805224737977765130e+02
3.815810852390845866e+02
3.821282620047798559e+02
3.822740372344408115e+02
3.820942615621253822e+02
3.816451436564268533e+02
3.809855303565259419e+02
3.801448595632422212e+02
3.791668394630676744e+02
3.776118159717632921e+02
3.758069256350386240e+02
3.739236833689867581e+02
3.719789418257885814e+02
3.699902751514928241e+02
3.679704691605701896e+02
3.659295532699367186e+02
3.638768722983702446e+02
3.618189186989185941e+02
3.597610399342543133e+02
3.577084024070803139e+02
3.556634017603221878e+02
3.536292522800923734e+02
3.516081031156713266e+02
3.496001131664495460e+02
3.476087244946068608e+02
3.456317029553544558e+02
3.436720723587087036e+02
3.417287580644626814e+02
3.398019244765435474e+02
3.378955496770990976e+02
3.360070368063020965e+02
3.341476167780933793e+02
3.323179362919864275e+02
3.313126227867334705e+02
3.307476322229666721e+02
3.304170644842321281e+02
3.303735960987729072e+02
3.306437975364595445e+02
3.312828235743332357e+02
3.323195472811055424e+02
3.337759640373530488e+02
3.356670502314958071e+02
3.379496935478026671e+02
3.405803686848040002e+02
3.434523392996122197e+02
3.464485647254675200e+02
3.494336126324130873e+02
3.522838397618400563e+02
3.548761261071040281e+02
3.571497980414331437e+02
3.590493604491372821e+02
3.605667386827889800e+02
3.617200640844274062e+02
3.625256100569306454e+02
3.630402203955614482e+02
3.632968623731595130e+02
3.633505942801635342e+02
3.628581958351679759e+02
3.621306656927736753e+02
3.613308742689960695e+02
3.604832502185399221e+02
3.596124675733486242e+02
3.587358545691404856e+02
3.578686435907449663e+02
3.570223485773194625e+02
3.562088657029717638e+02
3.554349955293856169e+02
3.547098485636749956e+02
3.540395279306621887e+02
3.534291186271087781e+02
3.528863894617211372e+02
3.524122053454807428e+02
3.520138247839819883e+02
3.516906316302516302e+02
3.514444211325094898e+02
3.512752793767199364e+02
3.511774673297894651e+02
3.511496127563190726e+02
3.511801579995450879e+02
3.512606172984878299e+02
3.513778234806314913e+02
